(20141015, 1645)  80.97  80.84
(20141015, 1700)  80.84  80.37
(20141015, 1715)  80.37  80.76
(20141015, 1730)  80.76  80.71
(20141015, 1745)  80.68  80.59
(20141015, 1800)  80.60  80.60
(20141015, 1815)  80.59  80.93
(20141015, 1830)  80.94  80.90
(20141015, 1845)  80.90  80.92
(20141015, 1900)  80.92  81.00
(20141015, 1915)  80.99  80.77
(20141015, 1930)  80.76  80.79
(20141015, 1945)  80.79  80.50
(20141015, 2000)  80.50  80.73
(20141015, 2015)  80.73  80.79
(20141015, 2030)  80.80  80.76
(20141015, 2045)  80.76  81.01
(20141015, 2100)  81.00  81.12
(20141015, 2115)  81.12  81.14
(20141015, 2130)  81.13  81.10
(20141015, 2145)  81.07  80.48
(20141015, 2200)  80.49  80.59
(20141015, 2215)  80.60  81.47
(20141015, 2230)  81.48  81.56
(20141015, 2245)  81.57  81.57
(20141015, 2300)  81.57  82.29
(20141015, 2315)  82.29  82.30
(20141015, 2330)  82.30  81.78
(20141015, 2345)  81.78  81.93
(20141015, 2400)  81.93  81.92
(20141016, 0)  81.93  82.04
(20141016, 15)  82.04  81.60
(20141016, 30)  81.61  81.02
(20141016, 45)  81.02  81.84
(20141016, 100)  81.84  81.85
(20141016, 115)  81.85  81.84
(20141016, 130)  81.84  81.92
(20141016, 145)  81.92  81.58
(20141016, 200)  81.57  81.73
(20141016, 215)  81.72  81.32
(20141016, 230)  81.32  81.35